2.040640900000000101e+03
1.737459599999999909e+03
1.826930699999999888e+03
1.969478399999999965e+03
2.166040500000000065e+03
2.063902099999999791e+03
1.765252899999999954e+03
1.748577900000000000e+03
1.880396700000000010e+03
1.897269399999999905e+03
2.101105000000000018e+03
2.781743199999999888e+03
3.398494900000000143e+03
2.174722200000000157e+03
1.874070699999999988e+03
1.795961499999999887e+03
1.741087199999999939e+03
1.906654099999999971e+03
1.856425199999999904e+03
1.980303499999999985e+03
1.814851200000000063e+03
2.796147899999999936e+03
2.857444599999999809e+03
3.133894999999999982e+03
3.976855500000000120e+03
2.973059099999999944e+03
2.107743899999999940e+03
1.802617899999999963e+03
1.785879899999999907e+03
1.903842799999999897e+03
1.808266699999999901e+03
1.756612499999999955e+03
1.680528199999999970e+03
1.802568500000000085e+03
1.868081899999999905e+03
1.838881300000000010e+03
2.081044699999999921e+03
2.834917199999999866e+03
2.606811000000000149e+03
2.761124800000000050e+03
3.425320600000000013e+03
4.122567900000000009e+03
2.439184299999999894e+03
2.140288799999999810e+03
1.868991700000000037e+03
2.039949299999999994e+03
1.946357199999999921e+03
1.857287600000000111e+03
1.690480299999999943e+03
1.554326999999999998e+03
1.595354100000000017e+03
1.659197400000000016e+03
1.795131599999999935e+03
1.769048199999999952e+03
1.791031400000000076e+03
1.903579500000000053e+03
2.902348599999999806e+03
2.498232700000000023e+03
2.358523700000000190e+03
2.645050799999999981e+03
3.467945299999999861e+03
4.213581100000000333e+03
3.598036900000000060e+03
2.417146000000000186e+03
2.074179200000000037e+03
1.972894800000000032e+03
2.144749499999999898e+03
2.069580300000000079e+03
1.977409900000000107e+03
1.978886400000000094e+03
1.728471600000000080e+03
1.453064499999999953e+03
1.316252899999999954e+03
1.532205799999999954e+03
1.831774499999999989e+03
1.632691399999999931e+03
1.668618799999999965e+03
1.859246100000000069e+03
1.998365700000000061e+03
2.488037800000000061e+03
2.467529799999999796e+03
2.311947999999999865e+03
2.504000700000000052e+03
2.886838900000000194e+03
3.505095200000000204e+03
4.303089399999999841e+03
5.000675799999999981e+03
2.937185800000000199e+03
2.502148900000000140e+03
2.047026399999999967e+03
2.312736600000000180e+03
2.354724900000000162e+03
2.217643099999999777e+03
2.088720499999999902e+03
2.050951399999999921e+03
2.137150599999999940e+03
1.860697300000000041e+03
1.506519900000000007e+03
1.331173700000000053e+03
1.262116800000000012e+03
1.563515300000000025e+03
1.576653900000000021e+03
1.397560899999999947e+03
1.703449499999999944e+03
1.890328400000000101e+03
2.071429700000000139e+03
2.263900900000000092e+03
2.410857199999999921e+03
2.330492699999999786e+03
2.480122600000000148e+03
2.858827099999999973e+03
3.183529300000000148e+03
2.992118899999999940e+03
4.149232899999999972e+03
5.257603500000000167e+03
4.005640400000000227e+03
2.768747299999999996e+03
2.252692399999999907e+03
2.245262900000000172e+03
2.553342799999999897e+03
2.646045700000000124e+03
2.501765100000000075e+03
2.152451700000000073e+03
2.031084499999999935e+03
2.133978000000000065e+03
2.413362999999999829e+03
2.109963400000000092e+03
1.621160499999999956e+03
1.429993300000000090e+03
1.274928100000000086e+03
1.406095100000000002e+03
1.498616500000000087e+03
1.450414800000000014e+03
1.436127099999999928e+03
1.823494300000000067e+03
1.990354499999999916e+03
1.896328400000000101e+03
2.049989700000000084e+03
2.285598100000000159e+03
2.544904300000000148e+03
2.489544199999999819e+03
2.906798099999999977e+03
3.216420200000000023e+03
3.212447299999999814e+03
3.326395500000000084e+03
3.472829799999999977e+03
5.006353500000000167e+03
5.724886700000000019e+03
3.418311299999999846e+03
2.484583299999999781e+03
2.212928199999999833e+03
2.574010699999999815e+03
2.806379600000000210e+03
2.787834499999999935e+03
2.205380099999999857e+03
2.070222699999999804e+03
1.861703500000000076e+03
2.300405799999999999e+03
2.719321500000000015e+03
2.221770500000000084e+03
1.676575100000000020e+03
1.519970900000000029e+03
1.376614900000000034e+03
1.485871900000000096e+03
1.283981299999999919e+03
1.454587500000000091e+03
1.812319700000000012e+03
1.861984899999999925e+03
1.894801999999999907e+03
1.697138699999999972e+03
2.198646699999999782e+03
2.636829600000000028e+03
3.116580100000000130e+03
3.247904500000000098e+03
3.363144800000000032e+03
3.839600100000000111e+03
3.567204299999999876e+03
4.302437500000000000e+03
6.075341300000000047e+03
4.369935499999999593e+03
3.093800000000000182e+03
2.363425299999999879e+03
2.357705300000000079e+03
2.765363499999999931e+03
2.933610099999999875e+03
2.361206299999999828e+03
2.270531500000000051e+03
2.173551300000000083e+03
1.970949200000000019e+03
2.655941699999999855e+03
2.739751000000000204e+03
2.233362999999999829e+03
1.973873800000000074e+03
1.796557299999999941e+03
1.620637699999999995e+03
1.355085299999999961e+03
1.260123000000000047e+03
1.604063400000000001e+03
1.899948000000000093e+03
1.820603299999999990e+03
1.671490099999999984e+03
1.980535300000000007e+03
2.596746099999999842e+03
3.881599099999999908e+03
4.045992400000000089e+03
3.667714399999999841e+03
3.673042699999999968e+03
3.703052499999999782e+03
3.814811000000000149e+03
4.161346700000000055e+03
5.260821799999999712e+03
6.952783199999999852e+03
4.014964100000000144e+03
2.955896999999999935e+03
2.451930400000000191e+03
2.692445999999999913e+03
3.475119400000000041e+03
2.720788300000000163e+03
2.267899399999999787e+03
2.348058799999999792e+03
2.383956099999999878e+03
2.811195799999999963e+03
3.012877399999999852e+03
2.765541700000000219e+03
2.512646000000000186e+03
2.113639599999999973e+03
2.183174100000000180e+03
1.566784699999999930e+03
1.411965500000000020e+03
1.381708499999999958e+03
1.866503500000000031e+03
1.777499800000000050e+03
2.066188700000000154e+03
2.026836299999999937e+03
2.238878900000000158e+03
2.910548600000000079e+03
4.117609400000000278e+03
4.023127199999999903e+03
4.260303700000000390e+03
3.923026899999999841e+03
4.552053700000000390e+03
5.343582500000000437e+03
7.153579099999999926e+03
5.246998499999999694e+03
4.099608400000000074e+03
3.375223899999999958e+03
2.750508800000000065e+03
3.591226599999999962e+03
2.892056399999999940e+03
2.705193099999999959e+03
2.957392800000000079e+03
2.944592999999999847e+03
3.032341300000000047e+03
3.383057600000000093e+03
3.101579299999999876e+03
2.742023200000000088e+03
2.669880099999999857e+03
2.545728000000000065e+03
2.007232999999999947e+03
1.678233400000000074e+03
1.590883399999999938e+03
1.647829500000000053e+03
1.681827900000000000e+03
2.608239500000000135e+03
1.982235799999999927e+03
2.248054700000000139e+03
2.510938200000000052e+03
7.378270000000000437e+03
4.866402299999999741e+03
5.690257300000000214e+03
4.926493699999999990e+03
4.839534700000000157e+03
6.422337400000000343e+03
6.416920399999999972e+03
7.284434100000000399e+03
7.344778800000000047e+03
5.959225099999999657e+03
4.559184599999999591e+03
3.205394299999999930e+03
3.605698499999999967e+03
3.583258100000000013e+03
3.025301500000000033e+03
3.534788599999999860e+03
3.898118199999999888e+03
3.506884799999999814e+03
3.711918700000000172e+03
3.651387200000000121e+03
3.072373300000000199e+03
2.974478500000000167e+03
2.870938999999999851e+03
2.610815900000000056e+03
1.915985400000000027e+03
1.793430200000000013e+03
1.885778700000000072e+03
1.741290400000000091e+03
2.747028800000000047e+03
2.776400599999999940e+03
2.404550999999999931e+03
2.496855500000000120e+03
3.717776600000000144e+03
5.381877900000000409e+03
6.648557600000000093e+03
6.809281299999999646e+03
6.031104000000000269e+03
8.504319299999999203e+03
9.789262699999999313e+03
1.003471800000000076e+04
8.149707500000000437e+03
6.436348100000000159e+03
4.586328599999999824e+03
3.902414800000000014e+03
4.960281299999999646e+03
3.853341600000000199e+03
4.365679199999999582e+03
4.480360800000000381e+03
4.674917499999999563e+03
4.328358900000000176e+03
4.189503399999999601e+03
3.634300000000000182e+03
3.135762499999999818e+03
3.022092799999999897e+03
3.330506300000000010e+03
2.468952099999999973e+03
2.098504600000000210e+03
2.224851799999999912e+03
2.182446800000000167e+03
2.796513699999999972e+03
3.465295200000000023e+03
2.807468499999999949e+03
2.927716600000000199e+03
4.040519499999999880e+03
5.157152299999999741e+03
6.561788599999999860e+03
9.589815399999999499e+03
8.323386699999999109e+03
8.169165500000000065e+03
1.769285699999999997e+04
1.449805600000000049e+04
1.519113199999999961e+04
1.259106799999999930e+04
1.041871999999999935e+04
6.098130900000000111e+03
5.591973600000000260e+03
1.576310599999999977e+04
6.919129899999999907e+03
5.429685099999999693e+03
5.481031699999999546e+03
5.370842300000000250e+03
5.308048300000000381e+03
4.612191399999999703e+03
4.470714399999999841e+03
3.554116199999999935e+03
3.138513399999999820e+03
3.731658699999999953e+03
3.120841300000000047e+03
2.612858900000000176e+03
2.803758800000000065e+03
2.824416000000000167e+03
2.692927200000000084e+03
3.574875500000000102e+03
3.332517800000000079e+03
3.646013199999999870e+03
4.737106899999999769e+03
6.104177700000000186e+03
8.886275400000000445e+03
1.167724400000000060e+04
1.536928900000000067e+04
1.338913600000000042e+04
3.438201200000000244e+04
2.558115799999999945e+04
2.356358199999999852e+04
1.887564800000000105e+04
1.184929199999999946e+04
7.397917000000000371e+03
8.159043499999999767e+03
8.739435499999999593e+03
6.190352499999999964e+03
6.750781299999999646e+03
5.946058600000000297e+03
5.893635699999999815e+03
5.459795399999999972e+03
4.946502000000000407e+03
4.362615200000000186e+03
3.906420200000000023e+03
3.840338400000000092e+03
3.891681199999999990e+03
3.902486800000000130e+03
3.090909900000000107e+03
3.163825400000000172e+03
2.910183599999999842e+03
3.111440399999999954e+03
7.974226099999999860e+03
4.588089799999999741e+03
8.682863300000000891e+03
8.105635699999999815e+03
1.331743399999999929e+04
1.449817900000000009e+04
2.523358599999999933e+04
2.599680500000000029e+04
3.089833199999999852e+04
1.803111300000000119e+04
1.578143300000000090e+04
1.292841100000000006e+04
1.263830400000000009e+04
1.044530999999999949e+04
5.364429699999999684e+03
5.576019500000000335e+03
5.409526399999999740e+03
4.559741200000000390e+03
4.233198199999999815e+03
1.292584599999999955e+04
4.960631800000000112e+03
4.591312500000000000e+03
4.684360800000000381e+03
4.473430199999999786e+03
3.901199500000000171e+03
4.305631300000000010e+03
4.152196799999999712e+03
3.511515600000000177e+03
3.318754199999999855e+03
3.106592799999999897e+03
2.906484899999999925e+03
2.989120800000000145e+03
4.276868699999999990e+03
4.134212400000000343e+03
4.279285200000000259e+03
4.709448199999999815e+03
6.951957999999999629e+03
8.551824199999999109e+03
1.150907099999999991e+04
1.566569199999999910e+04
1.351477299999999923e+04
8.685487300000000687e+03
7.254400899999999638e+03
7.826122599999999693e+03
7.729721199999999953e+03
5.272315899999999601e+03
3.991411599999999908e+03
4.243745600000000195e+03
3.802304399999999987e+03
3.834873000000000047e+03
3.462473399999999856e+03
4.160633799999999610e+03
3.771672900000000027e+03
3.990020300000000134e+03
4.030614999999999782e+03
3.578369099999999889e+03
3.375951700000000073e+03
3.870210000000000036e+03
3.422627199999999903e+03
2.848483600000000024e+03
2.805971700000000055e+03
2.731304399999999987e+03
2.468335700000000088e+03
2.847885299999999916e+03
3.306145500000000084e+03
2.719013199999999870e+03
2.384158699999999953e+03
3.146393300000000181e+03
4.742814500000000407e+03
6.089473100000000159e+03
8.521772499999999127e+03
8.928436499999999796e+03
9.051002000000000407e+03
6.304565400000000409e+03
5.857641099999999824e+03
5.126635699999999815e+03
4.890453599999999824e+03
4.935057099999999991e+03
3.456975600000000213e+03
3.608364999999999782e+03
3.172316400000000158e+03
3.409682899999999790e+03
3.298899899999999889e+03
3.014997600000000148e+03
3.166562500000000000e+03
3.552298099999999977e+03
3.719083999999999833e+03
3.065156300000000101e+03
2.817055899999999838e+03
2.981450400000000172e+03
3.210032999999999902e+03
3.162460900000000038e+03
2.650884799999999814e+03
2.442464599999999791e+03
2.217501699999999801e+03
2.091157200000000103e+03
2.249015899999999874e+03
2.099914600000000064e+03
2.009379300000000057e+03
1.915220000000000027e+03
2.992537600000000111e+03
3.638061000000000149e+03
5.702642600000000130e+03
5.778822799999999916e+03
5.932672400000000380e+03
5.378382800000000316e+03
4.262212400000000343e+03
3.930289800000000014e+03
3.526639900000000125e+03
3.641125000000000000e+03
3.150277099999999791e+03
3.214646999999999935e+03
2.935532700000000204e+03
2.946900900000000092e+03
2.886598899999999958e+03
2.774006800000000112e+03
3.112153800000000047e+03
3.452811499999999796e+03
2.912962199999999939e+03
2.410107399999999870e+03
2.924832499999999982e+03
3.168512200000000121e+03
2.512674799999999777e+03
2.636352499999999964e+03
2.397199000000000069e+03
1.843416500000000042e+03
1.759790299999999888e+03
2.143172599999999875e+03
1.690103000000000065e+03
1.806705200000000104e+03
1.814787700000000086e+03
1.879690299999999979e+03
2.941084499999999935e+03
3.934205100000000130e+03
4.521354500000000371e+03
4.197992699999999786e+03
4.782726099999999860e+03
4.547295900000000074e+03
3.920159200000000055e+03
3.003741199999999935e+03
3.059918200000000070e+03
3.216360599999999977e+03
2.883058799999999792e+03
2.848606699999999819e+03
3.202654100000000199e+03
2.530199000000000069e+03
2.664300999999999931e+03
2.604305199999999786e+03
2.679070799999999963e+03
2.726933100000000195e+03
2.959858200000000124e+03
2.712123000000000047e+03
2.718515899999999874e+03
2.965058599999999842e+03
2.501639200000000073e+03
2.180192100000000210e+03
2.018131100000000060e+03
1.832248700000000099e+03
1.562798500000000104e+03
1.736316000000000031e+03
1.808028299999999945e+03
1.667252600000000029e+03
1.689354199999999992e+03
1.713528000000000020e+03
2.493638699999999972e+03
3.564066200000000208e+03
3.420727499999999964e+03
3.549080800000000181e+03
4.052597699999999804e+03
3.731087899999999991e+03
2.950566400000000158e+03
2.755896699999999782e+03
2.783092500000000200e+03
3.095282999999999902e+03
2.456206499999999778e+03
2.912994599999999991e+03
2.878825899999999820e+03
2.298470899999999801e+03
2.534796100000000024e+03
2.518059099999999944e+03
2.499255900000000111e+03
2.657142100000000028e+03
2.981252899999999954e+03
2.843737299999999777e+03
2.483718299999999999e+03
2.186511500000000069e+03
2.045574800000000096e+03
1.939094399999999951e+03
1.694971999999999980e+03
1.502914899999999989e+03
1.549927100000000110e+03
1.744284799999999905e+03
1.730101100000000088e+03
1.991129799999999932e+03
1.861648200000000088e+03
2.258434600000000046e+03
2.838259000000000015e+03
3.119779300000000148e+03
2.905967500000000200e+03
3.568463900000000194e+03
3.965012900000000172e+03
3.612767600000000130e+03
3.058754199999999855e+03
2.759694800000000214e+03
2.811202900000000227e+03
2.644474099999999908e+03
2.405962199999999939e+03
2.303416700000000219e+03
2.852197500000000218e+03
2.285496599999999944e+03
2.300203599999999824e+03
2.293599600000000009e+03
2.327414999999999964e+03
2.423262200000000121e+03
2.923980700000000070e+03
3.008950699999999870e+03
2.432502399999999852e+03
2.025193999999999960e+03
1.741745200000000068e+03
1.696692900000000009e+03
1.764893100000000004e+03
1.609395800000000008e+03
1.546698000000000093e+03
1.741186599999999999e+03
1.754863200000000006e+03
1.609668300000000045e+03
2.497894999999999982e+03
2.178130900000000111e+03
2.573334699999999884e+03
2.566184099999999944e+03
2.845129899999999907e+03
3.124141399999999976e+03
3.333508299999999963e+03
2.723186000000000149e+03
2.837593299999999999e+03
2.636524199999999837e+03
2.820264900000000125e+03
2.412137000000000171e+03
1.855221600000000080e+03
2.377335700000000088e+03
2.713628200000000106e+03
2.224409900000000107e+03
2.169347400000000107e+03
2.283129600000000210e+03
2.298311799999999948e+03
2.554913799999999810e+03
2.935209499999999935e+03
2.567162800000000061e+03
2.095092799999999897e+03
1.682785900000000083e+03
1.480880400000000009e+03
1.669359099999999899e+03
1.534489900000000034e+03
1.580471999999999980e+03
1.541900399999999991e+03
1.604577999999999975e+03
1.705862200000000030e+03
1.721438400000000001e+03
1.902338400000000092e+03
2.295966300000000047e+03
2.581455100000000130e+03
2.643666000000000167e+03
2.733007099999999809e+03
2.766647899999999936e+03
3.041170200000000023e+03
2.329491700000000037e+03
2.345533699999999953e+03
2.376715299999999843e+03
2.451307099999999991e+03
1.876738200000000006e+03
2.076549599999999828e+03
2.356997800000000097e+03
2.189500700000000052e+03
2.278269499999999880e+03
2.213310500000000047e+03
2.425975100000000111e+03
2.638327099999999973e+03
2.552324999999999818e+03
2.084919699999999921e+03
1.616402100000000019e+03
1.499024499999999989e+03
1.500648100000000113e+03
1.394852100000000064e+03
1.357510099999999966e+03
1.555869799999999941e+03
1.830505699999999933e+03
1.875886199999999917e+03
2.116811000000000149e+03
2.656852499999999964e+03
2.468788599999999860e+03
2.202258100000000013e+03
2.328456299999999828e+03
2.460593499999999949e+03
1.998951399999999921e+03
1.870867400000000089e+03
2.104708700000000135e+03
2.073683599999999842e+03
2.043621100000000069e+03
2.073492400000000089e+03
1.971148200000000088e+03
2.274844700000000103e+03
2.168887499999999818e+03
2.446711400000000140e+03
2.462175999999999931e+03
2.064339399999999841e+03
1.588420800000000099e+03
1.482769800000000032e+03
1.465119999999999891e+03
1.436696200000000090e+03
1.577044399999999996e+03
1.821342900000000100e+03
2.176324700000000121e+03
2.291039600000000064e+03
2.326119900000000143e+03
2.143818099999999959e+03
2.071892100000000028e+03
2.139787400000000162e+03
1.897910200000000032e+03
1.711273200000000088e+03
2.266872299999999996e+03
2.238512700000000223e+03
1.995324800000000096e+03
1.777998199999999997e+03
2.106198699999999917e+03
2.269262200000000121e+03
2.292286099999999806e+03
2.046185500000000047e+03
1.734429300000000012e+03
1.570684600000000046e+03
1.555750600000000077e+03
2.000800799999999981e+03
1.783283300000000054e+03
1.900766499999999951e+03
1.951597400000000107e+03
2.042727799999999888e+03
2.030629599999999982e+03
2.062456099999999878e+03
1.895125600000000077e+03
2.094246799999999894e+03
2.463223100000000159e+03
2.003311799999999948e+03
1.819391100000000051e+03
2.120563999999999851e+03
2.290686000000000149e+03
2.125732399999999870e+03
1.863882100000000037e+03
1.688685099999999920e+03
1.695565100000000029e+03
1.769501299999999901e+03
1.757509399999999914e+03
1.856559400000000096e+03
1.971826800000000048e+03
2.089715799999999945e+03
2.126623799999999846e+03
2.276379600000000210e+03
2.331227300000000014e+03
2.268827400000000125e+03
2.404907999999999902e+03
2.232497100000000046e+03
1.891531600000000026e+03
1.899071300000000065e+03
1.841290299999999888e+03
1.794959200000000010e+03
1.985227200000000039e+03
2.130465599999999995e+03
2.085803199999999833e+03
2.355271200000000135e+03
2.345502700000000004e+03
2.372131800000000112e+03
1.999079300000000103e+03
2.007492199999999912e+03
2.094694100000000162e+03
2.094888199999999870e+03
2.220101799999999912e+03
2.232533199999999852e+03
2.008011999999999944e+03
2.013770800000000008e+03
